983253
1	1254414323	115
2	1254414324	141
3	1254414326	100
4	1254414327	100
5	1254414328	100
6	1254414329	100
7	1254414330	178
8	1254414332	215
9	1254414333	150
10	1254414334	390
11	1254414336	150
12	1254414337	100
14	1254414337	200
15	1254414338	200
16	1254414338	200
17	1254414339	750
18	1254414340	13300
19	1254414341	110
20	1254414341	50
21	1254414341	50
22	1254414341	50
23	1254414341	30
24	1254414343	2000
25	1254414345	100
27	1254414347	175
28	1254414348	389
29	1254414349	700
30	1254414350	4666
31	1254414351	5400
32	1254414353	8895
33	1254414353	30
34	1254414354	500
35	1254414355	100
36	1254414356	100
37	1254414358	349
38	1254414359	100
39	1254414360	350
40	1254414360	100
41	1254414361	100
42	1254414361	100
46	1254414363	200
47	1254414364	385
48	1254414365	4700
49	1254414366	100
50	1254414367	895
51	1254414368	1199
52	1254414369	390
53	1254414370	3900
54	1254414371	8785
55	1254414373	465
56	1254414373	5999
57	1254414374	7000
58	1254414375	12345
59	1254414375	150
60	1254414376	3000
61	1254414376	40
62	1254414377	45000
66	1254414379	390
67	1254414380	4999
68	1254414382	6000
69	1254414382	40
70	1254414383	100
71	1254414384	100
72	1254414385	120
73	1254414387	100
76	1254414388	3894
77	1254414390	100
78	1254414391	799
79	1254414391	70
80	1254414392	2450
81	1254414393	100
82	1254414394	200
83	1254414395	150
84	1254414396	100
85	1254414398	47750
86	1254414399	1199
87	1254414400	200
88	1254414402	200
89	1254414402	100
90	1254414402	100
91	1254414402	100
92	1254414402	50
93	1254414403	350
94	1254414405	280
95	1254414406	280
96	1254414407	120
97	1254414408	2000
98	1254414409	100
99	1254414410	8900
100	1254414412	4640
101	1254414413	4388
102	1254414415	100
103	1254414416	125
104	1254414417	1400
105	1254414419	2699
106	1254414420	490
107	1254414421	365
108	1254414421	100
109	1254414421	100
110	1254414422	350
111	1254414423	800
112	1254414424	350
113	1254414427	270
114	1254414428	1045
115	1254414429	1750
117	1254414429	80
118	1254414429	20
119	1254414429	20
120	1254414430	20
121	1254414432	100
122	1254414433	100
123	1254414433	80
124	1254414433	20
125	1254414435	216
126	1254414435	248
127	1254414436	500
128	1254414438	290
129	1254414439	1799
130	1254414440	599
131	1254414440	80
132	1254414441	310
135	1254414442	602
136	1254414442	28
137	1254414443	320
138	1254414445	300
139	1254414446	500
140	1254414447	400
142	1254414448	1000
143	1254414450	1500
144	1254414451	100
145	1254414452	675
147	1254414453	320
148	1254414455	320
149	1254414456	320
157	1254414456	1000
158	1254414456	30
159	1254414456	50
160	1254414457	150
161	1254414458	100
162	1254414459	100
163	1254414460	125
164	1254414461	800
165	1254414461	80
166	1254414463	100
167	1254414464	104
168	1254414465	300
169	1254414465	70
170	1254414467	100
171	1254414468	150
172	1254414469	100
173	1254414469	80
174	1254414469	150
175	1254414470	100
176	1254414471	1443
177	1254414472	2487
178	1254414474	2211
179	1254414475	104
180	1254414476	100
181	1254414477	775
182	1254414479	100
183	1254414480	900
184	1254414481	400
185	1254414482	1199
186	1254414483	440
187	1254414485	100
188	1254414486	100
189	1254414487	120
193	1254414488	92000000
194	1254414489	6400000
195	1254414490	350
196	1254414491	2000
198	1254414492	1300
199	1254414493	200
200	1254414495	102
201	1254414496	198
202	1254414497	100
203	1254414497	64
204	1254414498	104
205	1254414499	380
206	1254414500	100
207	1254414501	300
208	1254414503	100
209	1254414504	1750
210	1254414506	100
211	1254414507	100
212	1254414508	100
213	1254414509	160
214	1254414510	160
215	1254414512	1890
216	1254414513	444
217	1254414514	1800
218	1254414515	150
219	1254414517	100
220	1254414518	100
221	1254414519	170
222	1254414520	100
223	1254414521	150
224	1254414523	145
225	1254414525	214
226	1254414526	694
227	1254414527	2998
228	1254414528	9700
229	1254414529	3200
230	1254414530	199
231	1254414530	30
232	1254414531	60
233	1254414531	120
234	1254414531	240
236	1254414531	1000
237	1254414532	120
238	1254414533	151
239	1254414534	160
240	1254414535	160
241	1254414536	595
242	1254414536	70
243	1254414536	70
244	1254414536	70
245	1254414537	70
246	1254414537	70
247	1254414537	70
248	1254414538	130
249	1254414539	215
250	1254414540	300
251	1254414541	150
252	1254414542	120
253	1254414543	240
254	1254414544	240
255	1254414546	294
256	1254414547	240
257	1254414548	675
258	1254414550	2000
259	1254414553	100
260	1254414555	100
261	1254414557	100
262	1254414558	165
263	1254414559	100
264	1254414561	100
265	1254414563	100
266	1254414566	165
267	1254414569	500
268	1254414574	300
269	1254414577	100
270	1254414580	1070
271	1254414581	250
272	1254414582	300
273	1254414584	440
274	1254414584	500
276	1254414585	6900
277	1254414586	300
278	1254414588	300
279	1254414590	300
280	1254414591	100
281	1254414593	16500000
285	1254414594	100
286	1254414596	100
287	1254414597	650
288	1254414598	1950
289	1254414599	650
290	1254414600	650
291	1254414601	110
292	1254414602	250
293	1254414603	199
294	1254414604	300
295	1254414606	900
296	1254414607	100
297	1254414608	100
298	1254414609	100
299	1254414611	100
300	1254414612	100
301	1254414612	70
302	1254414613	950
303	1254414614	550
304	1254414615	101
305	1254414616	100
306	1254414617	190
307	1254414619	1194
308	1254414620	130
309	1254414621	130
310	1254414622	130
311	1254414623	150
312	1254414625	160
313	1254414626	395
314	1254414627	275
315	1254414630	750
316	1254414631	699
317	1254414632	690
318	1254414633	975
319	1254414634	1599
320	1254414635	212
321	1254414636	330
322	1254414638	100
323	1254414639	194
324	1254414640	490
325	1254414641	168
326	1254414642	490
327	1254414644	1290
328	1254414645	115
329	1254414647	130
330	1254414648	1400
331	1254414649	1674
332	1254414649	70
333	1254414652	934
334	1254414653	130
335	1254414654	1150
338	1254414654	1000
340	1254414654	250
341	1254414654	170
342	1254414654	130
343	1254414654	230
344	1254414654	80
345	1254414656	100
346	1254414657	950
347	1254414658	104
348	1254414659	180
349	1254414660	128
350	1254414661	100
351	1254414662	330
352	1254414664	150
353	1254414665	134
354	1254414667	300
355	1254414668	220
356	1254414669	220
357	1254414671	116
358	1254414672	1500
359	1254414673	116
360	1254414675	180
361	1254414676	180
362	1254414678	180
363	1254414679	999
364	1254414681	195
365	1254414682	1000
366	1254414683	1099
367	1254414684	14900
368	1254414685	1400
369	1254414686	1200
370	1254414687	1300
371	1254414688	2065
372	1254414689	1300
373	1254414690	260
374	1254414691	400
375	1254414692	2490
376	1254414693	1700
377	1254414695	1950
378	1254414696	230
379	1254414697	250
380	1254414699	210
381	1254414700	250
382	1254414701	3955
383	1254414702	230
384	1254414703	990
385	1254414705	3095
386	1254414706	250
388	1254414707	184
389	1254414708	2111
390	1254414709	1100
391	1254414710	1100
392	1254414711	1300
393	1254414713	194
394	1254414714	190
395	1254414715	196
396	1254414716	700
397	1254414718	284
398	1254414719	300
399	1254414720	230
400	1254414722	1449
401	1254414723	1000
402	1254414724	180
403	1254414726	300
404	1254414727	210
405	1254414729	100
406	1254414731	285
407	1254414732	3000
408	1254414733	5900
409	1254414734	100
410	1254414735	160
411	1254414737	100
412	1254414738	109
413	1254414739	1000
414	1254414740	190
415	1254414741	200
416	1254414742	200
417	1254414744	160
418	1254414745	1615
419	1254414746	420
420	1254414747	385
421	1254414748	420
422	1254414750	100
423	1254414752	575
424	1254414753	400
425	1254414755	800
426	1254414755	1200
427	1254414757	825
428	1254414758	850
429	1254414759	290
430	1254414760	170
431	1254414761	120
432	1254414762	120
433	1254414763	280
434	1254414765	120
435	1254414766	180
436	1254414767	2000
437	1254414768	2675
438	1254414770	5700
439	1254414771	14499
440	1254414772	14770
441	1254414774	4750
442	1254414775	25000
443	1254414776	5375
444	1254414777	10800
445	1254414778	2200
446	1254414779	1969
447	1254414780	3799
448	1254414781	250
449	1254414783	100
452	1254414784	100
455	1254414785	939
456	1254414786	1335
457	1254414787	1500
459	1254414788	595
460	1254414790	100
461	1254414791	440
462	1254414793	100
463	1254414794	100
464	1254414796	1543
465	1254414797	750
466	1254414798	570
467	1254414799	834
468	1254414800	120
469	1254414801	100
470	1254414802	100
471	1254414803	100
472	1254414804	190
473	1254414806	130
474	1254414807	100
475	1254414808	130
476	1254414809	1200
477	1254414810	130
478	1254414812	200
482	1254414812	999999998
483	1254414813	60000000
484	1254414814	150000000
487	1254414815	100
488	1254414816	200
489	1254414817	310
490	1254414818	270
491	1254414820	250
492	1254414821	420
493	1254414822	325
494	1254414823	230
495	1254414825	100
496	1254414826	100
497	1254414827	236
498	1254414829	690
499	1254414830	450
500	1254414831	200
501	1254414832	1000
503	1254414834	162
504	1254414835	600
505	1254414836	214
506	1254414838	3200
507	1254414839	1500
508	1254414840	1500
510	1254414841	7444
511	1254414843	5844
512	1254414844	4200
513	1254414845	7500
514	1254414846	6000
515	1254414847	4250
517	1254414849	2000
519	1254414850	3000
521	1254414851	4000
522	1254414852	1195
523	1254414853	2000
524	1254414855	200
527	1254414856	420
528	1254414857	450
529	1254414859	5000
530	1254414859	50
531	1254414860	5000
532	1254414861	3000
533	1254414862	100
537	1254414863	104
538	1254414865	260
539	1254414866	115
540	1254414867	108
541	1254414868	240
542	1254414870	260
543	1254414871	116
544	1254414872	200
545	1254414873	116
546	1254414874	200
547	1254414877	1500
548	1254414878	3514
549	1254414879	1299
550	1254414880	114
551	1254414882	1300
554	1254414883	600
555	1254414884	310
556	1254414885	400
557	1254414886	148
558	1254414887	128
559	1254414889	400
560	1254414890	700
561	1254414891	3320
562	1254414892	100
563	1254414893	100
564	1254414895	100
565	1254414896	100
566	1254414898	299
568	1254414899	200
569	1254414900	200
570	1254414901	200
571	1254414903	790
572	1254414904	6899999
573	1254414906	479
574	1254414907	1150
575	1254414908	1150
576	1254414909	450
577	1254414911	700
578	1254414912	3244
579	1254414913	650
580	1254414915	1800
581	1254414916	1398
582	1254414917	1699
583	1254414918	2000
584	1254414919	2749
585	1254414921	2240
586	1254414922	310
587	1254414923	224
588	1254414924	236
589	1254414925	228
590	1254414926	650
591	1254414928	1390
592	1254414929	214
593	1254414930	230
594	1254414931	410
595	1254414932	605
596	1254414933	700
597	1254414935	310
599	1254414936	508
600	1254414937	495
603	1254414938	700000000
604	1254414938	900
610	1254414940	276
611	1254414941	270
612	1254414943	286
613	1254414944	256
614	1254414945	256
615	1254414947	248
616	1254414948	258
617	1254414950	274
618	1254414951	282
619	1254414953	330
620	1254414954	288
621	1254414956	501
622	1254414957	272
623	1254414959	375
624	1254414960	400
625	1254414961	944
626	1254414962	644
627	1254414964	374
628	1254414965	258
629	1254414966	330
630	1254414968	288
631	1254414969	949
632	1254414970	264
633	1254414971	330
634	1254414971	30
635	1254414973	845
638	1254414974	670
639	1254414975	160
640	1254414976	194
641	1254414977	100
642	1254414979	101
643	1254414980	300
645	1254414980	70000000
646	1254414981	775
647	1254414982	45000000
648	1254414984	30000000
649	1254414985	14000000
650	1254414986	12000000
654	1254414988	100
655	1254414989	100
656	1254414991	200
657	1254414992	1599
658	1254414994	450
659	1254414995	450
660	1254414996	580
661	1254414997	450
662	1254414999	490
663	1254415000	500
664	1254415001	1498
668	1254415002	210
669	1254415003	100
670	1254415004	190
671	1254415006	160
672	1254415007	100
673	1254415008	180
674	1254415010	250
679	1254415011	1300
680	1254415012	1184
681	1254415013	1395
682	1254415014	1250
683	1254415016	1195
684	1254415017	1200
685	1254415017	475000000
686	1254415019	1000
687	1254415020	500
688	1254415021	499
689	1254415023	2100
690	1254415024	1595
692	1254415024	999995000
693	1254415026	118
694	1254415028	100
696	1254415029	800
697	1254415030	110
698	1254415031	1700
699	1254415033	4895
700	1254415034	249
701	1254415036	9000
702	1254415037	7900
703	1254415038	210
704	1254415039	9450
705	1254415040	5250
706	1254415042	9400
708	1254415043	200
711	1254415044	9500
712	1254415045	680
713	1254415046	14400
714	1254415047	9000
715	1254415048	2400
716	1254415050	2000
717	1254415050	16000
718	1254415051	2850
719	1254415053	9779
720	1254415054	8000
721	1254415055	42420
722	1254415057	6444
723	1254415058	470
724	1254415059	150
725	1254415061	25000000
739	1254415064	100
740	1254415065	250
741	1254415067	175
742	1254415068	100
743	1254415069	100
744	1254415069	24
747	1254415071	500
749	1254415072	725
750	1254415073	990
751	1254415074	445
752	1254415076	650
753	1254415077	114
754	1254415079	1500
755	1254415080	350
756	1254415082	400
757	1254415083	400
758	1254415084	699
759	1254415085	33875
760	1254415086	790
761	1254415088	43990
762	1254415089	5400
763	1254415090	134000
764	1254415091	65000
765	1254415092	64999
766	1254415094	80000
767	1254415095	12145
768	1254415096	170
770	1254415099	1390
771	1254415100	699
772	1254415101	3990
773	1254415102	600
774	1254415103	3500
776	1254415105	190
777	1254415106	230
778	1254415107	3989
779	1254415108	2095
780	1254415110	1959
781	1254415111	9795
783	1254415112	250000000
784	1254415113	75000000
786	1254415113	70
787	1254415114	100
788	1254415116	180
789	1254415117	150
790	1254415118	1185
791	1254415118	830000000
793	1254415120	725
794	1254415121	750
795	1254415122	59000000
796	1254415122	830000000
797	1254415123	1549
798	1254415124	1250
799	1254415125	1193
800	1254415127	100
801	1254415128	1380
804	1254415129	1144
805	1254415130	960
806	1254415135	1369
807	1254415136	999
808	1254415137	2495
809	1254415139	2220
810	1254415140	2190
811	1254415141	3190
812	1254415142	890
813	1254415144	4300
814	1254415145	4300
815	1254415146	4300
816	1254415147	5420
817	1254415148	3360
819	1254415149	300
820	1254415150	299
821	1254415152	387
822	1254415153	299
823	1254415154	299
824	1254415156	299
825	1254415157	399
826	1254415158	299
827	1254415159	299
828	1254415161	152
829	1254415161	30
830	1254415162	154
831	1254415163	900
832	1254415164	1550
833	1254415165	200
834	1254415167	190
835	1254415168	180
836	1254415168	156
837	1254415169	59999750
838	1254415170	900000000
839	1254415171	50000000
840	1254415171	830000000
841	1254415173	3701
842	1254415174	600
843	1254415175	265
844	1254415176	124
848	1254415177	1100
849	1254415178	7000
850	1254415180	150
851	1254415181	150
852	1254415183	150
853	1254415184	6000
854	1254415185	150
855	1254415186	1200
856	1254415188	150
857	1254415189	1400
858	1254415190	4950
859	1254415191	2200
860	1254415192	6000
861	1254415193	3395
862	1254415195	159
863	1254415196	150
864	1254415197	400
865	1254415198	150
866	1254415199	800
867	1254415201	2800
869	1254415202	965
871	1254415203	150
873	1254415204	500
874	1254415206	500
875	1254415207	39900000
876	1254415209	19249999
877	1254415211	150000000
878	1254415212	58000000
880	1254415214	444
881	1254415215	1350
882	1254415216	150
883	1254415218	300
884	1254415219	924
885	1254415221	130
886	1254415223	174
887	1254415224	800
888	1254415226	900
889	1254415227	110
890	1254415228	130
893	1254415229	1200
894	1254415230	999000000
895	1254415231	4875000
896	1254415232	6000000
897	1254415233	129000000
898	1254415234	150000000
899	1254415234	350000000
900	1254415235	4400
901	1254415237	5999
902	1254415239	44500
903	1254415239	50000000
905	1254415240	100
906	1254415242	100
907	1254415244	300
908	1254415245	100
909	1254415246	100
910	1254415247	100
911	1254415248	100
912	1254415249	700
913	1254415250	125
915	1254415251	95000
918	1254415251	75000000
919	1254415252	250000000
920	1254415252	100000000
921	1254415253	220000
922	1254415254	520000
923	1254415255	8595
924	1254415256	750000000
925	1254415257	15000
926	1254415258	1600
927	1254415259	999999998
931	1254415260	670
932	1254415261	995
933	1254415262	1200
934	1254415264	4675
935	1254415265	940000
936	1254415266	10500000
937	1254415267	500
938	1254415268	20000000
939	1254415269	25000000
940	1254415271	995000
941	1254415272	17400000
942	1254415273	710000
943	1254415275	789900
944	1254415276	666000
945	1250014899	50000000
946	1254415277	48000000
947	1250014919	50000000
948	1254415277	44919999
949	1254415278	999999998
950	1254415278	987654321
951	1254415280	90000000
952	1254415281	26000
953	1254415282	11000
954	1254415283	800000000
955	1254415284	10000
956	1254415285	150
957	1254415286	310
958	1254415287	500
959	1254415288	2789
960	1254415290	8139
961	1254415291	270000000
962	1254415292	24000
963	1254415293	1600
964	1254415294	2000
965	1254415295	4980
966	1254415296	2185
967	1254415297	1750
968	1254415298	4444
969	1254415299	250
970	1254415301	443
971	1254415304	240
972	1254415305	250
973	1254415306	204
974	1254415307	398
975	1254415308	700
976	1254415309	249
977	1254415310	3316
978	1254415311	244
979	1254415312	584
980	1254415313	290
981	1254415314	399
982	1254415315	387
983	1254415317	7000
984	1254415318	249
985	1254415319	238
986	1254415320	220
987	1254415321	999
988	1254415323	850
989	1254415324	15000
990	1254415325	2000
991	1254415326	6000000
992	1254415327	4699000
993	1254415329	5366677
994	1254415330	6000000
995	1254415332	3000
998	1254415332	80
999	1254415333	3500
1000	1254415334	3500
1003	1254415334	70
1004	1254415335	310
1005	1254415336	100
1006	1254415337	935
1007	1254415339	974
1008	1254415340	1195
1009	1254415341	288
1010	1254415342	448
1011	1254415344	220
1012	1254415345	400
1013	1254415347	300
1014	1254415348	190
1015	1254415350	240
1016	1254415350	1700
1017	1254415352	1280
1018	1254415353	1490
1019	1254415354	1330
1020	1254415355	1280
1021	1254415356	1300
1022	1254415357	1275
1023	1250015676	21000000
1024	1254415358	24900000
1025	1254415359	24999999
1026	1254415359	500
1027	1254415359	100
1028	1254415359	100
1029	1254415360	290
1030	1254415362	288
1031	1254415363	282
1032	1254415364	3499
1033	1254415365	120
1034	1254415366	280
1035	1254415368	280
1036	1254415369	280
1037	1254415371	1000
1038	1254415372	1500
1040	1254415373	44000000
1041	1254415374	1950
1042	1254415375	2200
1043	1254415376	2090
1044	1254415379	2100
1045	1254415380	4400
1047	1254415380	450000000
1048	1254415381	1100
1049	1254415382	100
1050	1254415384	100
1051	1254415385	120
1052	1254415386	170
1053	1254415387	100
1054	1254415388	120
1055	1254415390	100
1056	1254415391	1479
1057	1254415392	210
1058	1254415393	254
1059	1254415395	159
1060	1254415396	200
1061	1254415397	100
1062	1254415398	500
1063	1254415399	100
1064	1254415401	765
1065	1254415402	6600
1066	1254415403	243
1067	1254415404	299
1068	1254415405	3995
1069	1254415407	4190
1070	1254415408	3950
1071	1254415409	475
1072	1254415411	2990
1073	1254415412	3300
1074	1254415413	2995
1075	1254415414	290
1076	1254415415	100
1077	1254415416	650
1078	1254415418	270
1079	1254415419	100
1080	1254415419	300
1081	1254415420	750000000
1082	1254415421	3800
1083	1254415422	43750000
1084	1254415424	7600
1085	1254415425	2704
1086	1254415426	2000
1087	1254415427	3733
1088	1254415428	5500
1089	1254415429	3295
1090	1254415431	2500
1091	1254415432	5895
1092	1254415433	8975
1093	1254415434	2900
1094	1254415435	17500
1095	1254415436	25000
1096	1254415437	38500
1097	1254415439	20000
1098	1254415440	19800
1099	1254415442	25000
1100	1254415443	2200
1101	1254415444	749
1102	1254415445	299
1103	1254415447	21000
1104	1254415448	400
1105	1254415449	32500
1106	1254415450	24700
1107	1254415451	21400
1108	1254415452	20000
1109	1254415453	32000
1110	1254415454	27000
1111	1254415455	28750
1112	1254415456	20989
1113	1254415457	19000
1114	1254415458	140
1115	1254415460	140
1116	1254415461	150
1123	1254415462	470
1124	1254415463	400
1126	1254415464	190
1127	1254415466	485
1128	1254415467	2900
1129	1254415468	1250
1131	1254415469	250000000
1133	1254415470	815
1134	1254415471	700
1135	1254415472	129
1136	1254415473	130
1137	1254415474	190
1138	1254415475	11900
1139	1254415476	11000
1140	1254415477	19995
1141	1254415479	15000
1142	1254415480	9900
1143	1254415481	13995
1144	1254415483	12298
1145	1254415485	13000
1146	1254415486	10900
1147	1254415487	9495
1148	1254415489	360
1149	1254415490	395
1150	1254415491	89000
1151	1254415493	700
1152	1254415494	23000000
1153	1254415496	14000
1154	1254415497	195000
1157	1254415498	400
1158	1254415499	200
1159	1254415500	100
1160	1254415502	110
1161	1254415503	200
1162	1254415504	499
1163	1254415506	100
1164	1254415507	3778
1165	1254415508	3950
1166	1254415509	6000
1222	1254415510	7000000
1236	1254415511	999999998
1238	1254415512	1090
1239	1254415513	300
1240	1254415514	190
1241	1254415516	1300
1242	1254415517	58000000
1243	1254415518	4500
1251	1254415519	184
1252	1254415520	100
1253	1254415522	1100
1254	1254415523	2250
1255	1254415524	3197
1256	1254415525	1920
1257	1254415527	2000
1260	1254415528	11883000
1261	1254415528	500
1262	1254415528	47000000
1263	1254415529	39000000
1264	1254415531	9400
1273	1254415532	499
1275	1254415533	2990
1276	1254415533	250000000
1277	1254415534	280
1278	1254415536	6739
1279	1254415537	290
1280	1254415538	1750
1281	1254415539	280
1282	1254415540	284
1283	1254415541	284
1284	1254415543	282
1285	1254415545	300
1286	1254415546	875
1287	1254415547	800
1288	1254415549	8000
1289	1254415550	3250
1291	1254415551	50000000
1292	1254415551	100
1293	1254415552	199
1294	1254415554	180
1295	1254415555	180
1296	1254415556	200
1297	1254415558	600
1298	1254415559	8000
1300	1254415560	15000
1301	1254415561	1200
1302	1254415562	510
1304	1254415563	50000000
1305	1254415564	8888
1307	1254415566	25000000
1308	1254415567	16500000
1309	1254415568	24500
1310	1254415569	399
1311	1254415570	11000000
1317	1254415572	8799
1318	1254415573	60000
1319	1254415574	22000
1320	1254415575	74500
1321	1254415576	20000
1322	1254415577	14995000
1323	1254415579	11650000
1324	1254415580	11883000
1325	1254415581	11950000
1326	1254415582	100
1327	1254415583	150
1328	1254415585	100
1329	1254415586	150
1330	1254415587	100
1331	1254415588	100
1332	1254415589	2000
1333	1254415591	1400
1334	1254415592	170
1335	1254415593	300
1336	1254415594	325
1338	1254415596	625
1339	1254415597	595
1340	1254415598	10000
1341	1254415600	200
1342	1254415601	16900
1343	1254415602	998999
1344	1254415603	2000
1345	1254415604	100
1346	1254415605	500
1347	1254415607	6000
1348	1254415608	25500
1349	1254415609	31000000
1350	1254415610	8500
1351	1254415611	450
1352	1254415613	245
1358	1254415613	999999998
1359	1254415614	1049000
1360	1254415615	1110111
1361	1254415616	250
1363	1254415618	22500
1364	1254415619	9000
1365	1254415620	850
1366	1254415621	600
1367	1254415623	2679
1368	1254415626	3888
1369	1254415628	900
1370	1254415629	4000
1371	1254415631	2500
1372	1254415632	210
1373	1254415633	14000000
1374	1254415634	6500
1375	1254415636	16000
1376	1254415638	35000
1377	1254415639	3120
1378	1254415640	4999
1379	1254415641	33900
1381	1254415642	70000
1382	1254415644	50000
1383	1254415645	300
1384	1254415646	190
1385	1254415647	1050
1386	1254415649	100
1387	1254415650	6464
1388	1254415651	899
1389	1254415652	2900
1390	1254415654	1200
1391	1254415655	400
1392	1254415656	2900
1393	1254415657	4895
1394	1254415659	120
1395	1254415660	64000
1396	1254415661	8900
1397	1254415662	23999
1398	1254415664	200000
1399	1254415665	28000
1400	1254415666	34500
1401	1254415668	23000
1402	1254415669	16000
1403	1254415670	200000
1404	1254415671	200000
1405	1254415673	220000
1406	1254415674	25000
1407	1254415675	77000
1408	1254415676	29500
1410	1254415677	4975
1411	1254415679	99000000
1412	1254415680	2950
1413	1254415681	5555
1414	1254415682	200
1415	1254415683	2499
1416	1254415684	7500
1417	1254415685	50000
1418	1254415687	199
1419	1254415688	700
1423	1254415689	8300000
1424	1254415691	13000000
1425	1254415692	12000000
1426	1254415693	9999999
1427	1254415694	9400000
1429	1254415695	2988
1433	1254415696	3000
1434	1254415697	2750
1435	1254415698	1500
1436	1254415699	6900
1437	1254415701	100
1438	1254415702	100
1439	1254415703	100
1440	1254415704	220
1441	1254415705	110
1442	1254415707	100
1443	1254415708	275
1444	1254415709	120
1445	1254415710	260
1446	1254415711	450
1447	1254415712	120
1448	1254415713	175
1449	1254415715	500
1450	1254415716	230
1451	1254415717	443
1452	1254415718	777
1453	1254415720	525
1454	1254415721	424
1455	1254415722	890
1461	1254415723	965
1462	1254415724	100
1463	1254415725	100
1464	1254415727	725
1465	1254415727	300
1466	1254415727	750
1467	1254415727	525
1468	1254415727	900
1469	1254415727	1125
1470	1254415727	600
1471	1254415727	450
1472	1254415727	825
1473	1254415727	975
1474	1254415727	1125
1475	1254415727	300
1476	1254415727	525
1477	1254415727	675
1478	1254415727	900
1479	1254415727	1125
1480	1254415727	225
1481	1254415727	375
1482	1254415728	600
1483	1254415728	825
1484	1254415728	1050
1485	1254415729	2998
1488	1254415730	40000000
1489	1254415731	9000
1490	1254415732	160
1491	1254415733	220
1492	1254415734	224
1493	1254415736	390
1494	1254415738	590
1496	1254415739	19500
1497	1254415740	17800
1498	1254415740	28995995
1512	1254415741	250
1513	1254415741	300
1514	1254415741	200
1515	1254415741	150
1519	1254415742	95000000
1527	1254415743	800
1528	1254415744	3000
1529	1254415746	87000
1530	1254415747	99300
1531	1254415748	92000
1532	1254415749	84745
1533	1254415751	94900
1536	1254415752	18750000
1537	1254415753	11000
1539	1254415754	65000049
1540	1254415754	85000000
1541	1254415754	749875000
1542	1254415755	749875000
1543	1254415755	145000000
1544	1254415756	270000000
1545	1254415756	749875000
1546	1254415756	999999998
1547	1254415758	4000
1548	1254415759	4000
1549	1254415760	1000
1551	1254415762	2450
1552	1254415763	2350
1553	1254415764	2350
1554	1254415765	2425
1555	1254415766	2150
1556	1254415768	2320
1557	1254415769	1900
1558	1254415770	2480
1559	1254415772	1850
1560	1254415773	2200
1561	1254415774	2298
1562	1254415775	2564
1563	1254415776	5600
1564	1254415777	5549
1565	1254415778	6250
1566	1254415779	6190
1567	1254415780	6000
1568	1254415781	5500
1569	1254415782	5000
1570	1254415784	6000
1571	1254415785	5500
1572	1254415786	5600
1573	1254415787	6050
1574	1254415788	5849
1575	1254415790	5499
1576	1254415791	5400
1577	1254415793	5475
1578	1254415794	5689
1579	1254415795	5595
1580	1254415796	5800
1581	1254415798	5400
1582	1254415799	5795
1583	1254415800	5799
1584	1254415801	6200
1585	1254415803	6300
1586	1254415804	5600
1587	1254415805	1480
1588	1254415806	1799
1589	1254415807	1570
1590	1254415808	1689
1591	1254415810	1570
1592	1254415811	5215
1593	1254415812	4860
1594	1254415813	4725
1595	1254415814	4739
1596	1254415815	5050
1606	1254415816	40000000
1607	1254415817	112
1608	1254415819	1300
1609	1254415820	465
1610	1254415821	2000
1611	1254415822	895
1612	1254415823	1395
1613	1254415824	420
1614	1254415825	170
1615	1254415826	8118
1616	1254415828	9999
1617	1254415829	1499
1618	1254415830	4800
1619	1254415831	4875
1620	1254415832	2700
1621	1254415834	15000000
1622	1254415835	4000
1623	1254415836	2399
1624	1254415837	4200
1625	1254415838	4750
1626	1254415839	495
1627	1254415841	1900
1628	1254415842	2699
1629	1254415843	680
1630	1254415844	8500
1631	1254415844	50
1635	1254415845	2075
1637	1254415846	420
1638	1254415848	470
1639	1254415849	400
1640	1254415850	420
1641	1254415851	475
1642	1254415853	3350009
1643	1254415854	2700000
1644	1254415855	2700
1645	1254415857	2900
1646	1254415858	2700
1647	1254415859	2700
1648	1254415860	3300
1650	1254415861	890
1651	1254415862	200
1652	1254415863	200
1653	1254415864	17200000
1655	1254415865	120
1657	1254415866	100
1658	1254415868	100
1659	1254415869	100
1660	1254415871	100
1661	1254415872	19500000
1662	1254415872	39000000
1663	1254415873	8000000
1664	1254415874	9499999
1665	1254415874	20000000
1666	1254415876	20000000
1668	1254415877	600
1669	1254415879	1500
1673	1254415880	195
1675	1254415881	150
1676	1254415882	150
1677	1254415883	119
1679	1254415885	650
1680	1254415886	585
1681	1254415887	5499
1682	1254415888	2469
1683	1254415889	900
1684	1254415891	8994
1685	1254415892	5000
1686	1254415893	999
1687	1254415894	45000000
1688	1254415895	1450
1690	1254415897	500
1691	1254415898	450
1692	1254415899	494
1693	1254415900	880
1694	1254415901	3500
1695	1254415902	700
1696	1254415903	132
1697	1254415904	1000
1698	1254415905	132
1699	1254415907	168
1700	1254415908	300
1701	1254415909	300
1702	1254415910	800
1703	1254415911	7800000
1704	1254415913	100
1705	1254415914	100
1706	1254415916	10000
1707	1254415917	2000
1708	1254415918	2530
1709	1254415920	160
1710	1254415921	263
1711	1254415922	170
1712	1254415923	2995
1713	1254415924	378
1714	1254415926	160
1715	1254415927	100
1716	1254415928	100
1717	1254415929	700
1718	1254415931	150
1719	1254415932	1325
1720	1254415933	400
1721	1254415934	3545
1722	1254415935	899
1723	1254415936	140
1725	1254415936	1000
1726	1254415936	1000
1727	1254415936	1000
1728	1254415938	1194
1729	1254415939	2300
1730	1254415940	2300
1731	1254415941	999
1732	1254415943	14950
1733	1254415944	92173
1734	1254415945	30000
1735	1254415946	4950
1736	1254415948	945
1737	1254415949	1000
1738	1254415950	1100
1739	1254415951	500
1740	1254415953	743
1741	1254415954	5975
1742	1254415955	2000
1743	1254415956	2489
1744	1254415957	2900
1745	1254415959	1500
1746	1254415959	1580
1747	1254415961	242
1748	1254415962	210
1750	1254415963	100
1751	1254415964	100
1752	1254415965	100
1753	1254415966	500
1754	1254415967	130
1755	1254415969	170
1756	1254415970	190
1757	1254415971	210
1758	1254415972	310
1759	1254415973	890
1760	1254415975	795
1761	1254415976	300
1762	1254415977	449
1763	1254415978	400
1767	1254415979	440
1768	1254415981	4380
1769	1254415982	400
1770	1254415983	686
1771	1254415984	7500
1772	1254415985	100
1773	1254415987	900
1774	1254415988	100
1775	1254415989	100
1776	1254415990	100
1777	1254415991	650
1778	1254415993	580
1779	1254415994	100
1780	1254415995	240
1781	1254415996	299
1782	1254415998	550
1783	1254415999	100
1784	1254416000	380
1785	1254416001	260
1786	1254416002	600
1787	1254416003	500
1788	1254416004	400
1789	1254416006	2500
1790	1254416007	150
1791	1254416009	110
1792	1254416010	8600000
1793	1254416011	199
1794	1254416013	100
1795	1254416013	999999998
1796	1254416014	200
1798	1254416016	500
1800	1254416017	3699
1801	1254416018	7800
1802	1254416019	219
1803	1254416021	238
1804	1254416022	202
1805	1254416023	247
1806	1254416024	265
1807	1254416026	238
1808	1254416027	222
1809	1254416029	231
1810	1254416030	1100
1811	1254416031	202
1812	1254416032	255
1813	1254416034	219
1814	1254416035	213
1815	1254416036	214
1816	1254416037	248
1817	1254416038	219
1818	1254416039	223
1819	1254416040	200
1820	1254416042	249
1821	1254416043	248
1822	1254416044	218
1823	1254416046	248
1824	1254416047	287
1825	1254416048	209
1826	1254416049	209
1827	1254416050	244
1828	1254416051	400
1829	1254416053	237
1830	1254416054	214
1831	1254416055	244
1832	1254416056	238
1833	1254416058	207
1834	1254416059	219
1835	1254416060	209
1836	1254416062	200
1837	1254416063	273
1838	1254416064	214
1839	1254416065	241
1840	1254416066	243
1841	1254416067	2300
1842	1254416068	222
1843	1254416069	279
1844	1254416071	218
1845	1254416072	223
1846	1254416073	245
1847	1254416075	276
1848	1254416076	218
1849	1254416077	244
1850	1254416078	234
1851	1254416079	238
1852	1254416080	216
1853	1254416081	223
1854	1254416083	236
1855	1254416084	217
1856	1254416085	242
1857	1254416086	202
1858	1254416088	233
1859	1254416089	214
1860	1254416090	212
1861	1254416092	209
1862	1254416093	228
1863	1254416094	3699
1864	1254416095	350
1865	1254416097	278
1866	1254416098	213
1867	1254416099	219
1868	1254416100	239
1869	1254416101	204
1870	1254416103	209
1871	1254416104	219
1872	1254416106	208
1873	1254416107	209
1874	1254416108	219
1875	1254416109	233
1876	1254416110	2198
1877	1254416111	238
1878	1254416112	245
1879	1254416113	849
1880	1254416114	209
1881	1254416115	315
1882	1254416116	232
1883	1254416117	209
1884	1254416118	202
1885	1254416120	228
1886	1254416122	207
1887	1254416123	202
1888	1254416124	221
1889	1254416125	400
1890	1254416126	238
1891	1254416128	212
1892	1254416129	220
1893	1254416130	209
1894	1254416131	399
1895	1254416132	223
1896	1254416134	219
1897	1254416135	206
1898	1254416137	213
1899	1254416138	203
1900	1254416140	250
1901	1254416141	240
1902	1254416142	250
1903	1254416143	240
1904	1254416144	250
1905	1254416145	250
1906	1254416146	250
1907	1254416147	190
1910	1254416148	16000
1911	1254416149	12250
1912	1254416150	17000
1913	1254416151	475
1914	1254416152	1800
1915	1254416153	5000
1917	1254416154	499
1918	1254416156	500
1921	1254416157	100
1922	1254416158	174
1923	1254416159	400
1927	1254416160	20500
1928	1254416161	2300
1929	1254416163	320
1930	1254416164	320
1931	1254416165	320
1932	1254416166	320
1933	1254416167	260
1934	1254416169	480
1935	1254416170	240
1936	1254416171	240
1937	1254416172	240
1938	1254416173	240
1939	1254416175	110
1940	1254416176	2750
1941	1254416177	400
1942	1254416178	500
1943	1254416179	400
1944	1254416180	400
1945	1254416182	700
1946	1254416183	500
1947	1254416184	260
1948	1254416185	260
1949	1254416186	240
1950	1254416187	599
1951	1254416189	500
1952	1254416190	100
1953	1254416191	172
1954	1254416192	320
1956	1254416194	100
1957	1254416195	165
1958	1254416196	550
1959	1254416197	1150
1960	1254416199	1985
1961	1254416199	1100
1962	1254416200	100
1963	1254416202	895
1964	1254416203	3000
1965	1254416205	100
1967	1254416206	19395000
1968	1254416207	28499
1969	1254416209	12900
1970	1254416210	22000000
1971	1254416211	7000000
1972	1254416214	1100
1998	1254416215	15000
1999	1254416217	200
2000	1254416218	10000
2001	1254416219	8200
2002	1254416221	8490
2003	1254416222	15000
2004	1254416223	35000
2005	1254416225	9000
2006	1254416226	17995
2007	1254416227	25000
2008	1254416228	10000
2009	1254416229	9000
2010	1254416230	14000
2011	1254416232	9500
2012	1254416233	10000
2013	1254416234	10000
2014	1254416235	39993
2015	1254416236	41999
2019	1254416238	2200
2020	1254416239	1000
2021	1254416240	100
2022	1254416241	110
2023	1254416243	170
2024	1254416244	3090
2025	1254416245	146
2026	1254416246	3900
2027	1254416248	4500
2028	1254416249	7050
2029	1254416250	440
2030	1254416251	580
2031	1254416253	710
2032	1254416254	390
2033	1254416255	1000
2034	1254416256	395
2040	1254416257	300
2041	1254416259	300
2042	1254416259	300
2043	1254416260	900
2045	1254416261	170
2046	1254416263	3100
2047	1254416264	170
2049	1254416265	235
2053	1254416267	12300
2055	1254416268	150
2056	1254416269	150
2057	1254416271	433
2058	1254416272	2000
2059	1254416274	100
2060	1254416275	350
2061	1254416276	290
2062	1254416277	300
2063	1254416278	140
2065	1254416279	400
2066	1254416280	800
2067	1254416282	300
2068	1254416283	300
2069	1254416284	400
2070	1254416285	990
2071	1254416287	265
2079	1254416288	3989
2080	1254416289	3995
2081	1254416291	3700
2082	1254416292	700
2083	1254416293	4180
2084	1254416294	2500
2085	1254416295	840
2086	1254416296	1110
2087	1254416298	1350
2088	1254416299	100
2089	1254416300	4000
2090	1254416301	22000000
2091	1254416303	600
2092	1254416304	200
2093	1254416305	230
2094	1254416307	100
2095	1254416308	3000
2096	1254416309	26800
2097	1254416310	125000000
2108	1254416311	2000
2109	1254416312	100
2110	1254416313	2100
2111	1254416315	2390
2113	1254416316	700
2114	1254416317	100
2115	1254416318	500
2116	1254416320	800
2117	1254416321	67500
2120	1254416322	24000
2121	1254416323	204
2122	1254416324	49750
2123	1254416325	1050
2125	1254416326	13975
2126	1254416328	250
2127	1254416329	100
2128	1254416330	300
2129	1254416332	100
2130	1254416333	2200
2131	1254416334	400
2132	1254416335	1250
2133	1254416336	100
2134	1254416338	4900
2135	1254416339	900
2136	1254416340	1200
2137	1254416341	9000
2138	1254416343	320
2139	1254416344	24999
2140	1254416345	330
2141	1254416346	385
2142	1254416348	570
2143	1254416349	800
2144	1254416350	2400
2145	1254416351	400
2146	1254416353	4600
2147	1254416354	1000
2148	1254416356	5985
2151	1254416357	265
2152	1254416359	333
2153	1254416360	450
2154	1254416360	300
2155	1254416362	985
2156	1254416363	1000
2157	1254416364	3400
2158	1254416366	700
2159	1254416367	500
2160	1254416368	1295
2161	1254416369	650
2162	1254416370	600
2163	1254416371	5499
2164	1254416373	425
2165	1254416374	2399
2166	1254416375	500
2167	1254416376	300
2168	1254416377	4300
2169	1254416378	2200
2170	1254416379	666
2171	1254416381	1975
2172	1254416382	650
2185	1254416383	18000
2190	1254416384	5999999
2191	1254416386	13500
2192	1254416387	390
2193	1254416388	1399
2194	1254416389	1500
2195	1254416391	2095
2196	1254416392	5790
2197	1254416393	36000
2198	1254416394	14400
2199	1254416396	9900
2200	1254416397	7900
2201	1254416399	9900
2202	1254416400	14900
2203	1254416401	57000
2204	1254416403	100000
2205	1254416404	30000
2207	1254416405	1100000
2208	1254416406	1000000
2209	1254416408	240000
2210	1254416409	64000
2211	1254416411	67999
2212	1254416412	45000
2214	1254416412	500000
2215	1254416414	250000
2216	1254416415	230000
2217	1254416416	2790
2218	1254416418	4520
2219	1254416420	225000
2220	1254416421	555
2221	1254416422	14900000
2222	1254416422	15500000
2223	1254416423	15000000
2224	1254416424	15500000
2225	1254416425	25000000
2226	1254416426	14250000
2227	1254416428	150000
2228	1254416429	575000
2229	1254416430	785000
2230	1254416431	900
2231	1254416432	7400
2232	1254416433	1500
2233	1254416435	7400
2234	1254416436	1500
2235	1254416437	7900
2237	1254416438	244
2238	1254416440	300
2239	1254416441	330
2240	1254416442	175
2241	1254416443	1000
2242	1254416444	310
2243	1254416446	420
2244	1254416447	346
2245	1254416448	1294
2246	1254416449	195
2247	1254416452	1300
2248	1254416453	1100
2249	1254416454	1078
2251	1254416455	1219
2252	1254416456	7950
2253	1254416457	2000
2254	1254416458	8900
2255	1254416459	2199
2256	1254416460	5299
2257	1254416461	2000
2262	1254416462	100
2263	1254416464	249
2264	1254416465	132
2265	1254416467	495
2269	1254416468	6395
2270	1254416469	600
2271	1254416470	184
2272	1254416471	200
2273	1254416472	190
2274	1254416474	212
2275	1254416475	211
2276	1254416476	298
2283	1254416477	100
2284	1254416478	415
2285	1254416479	290
2303	1254416480	14600000
2304	1254416482	100
2305	1254416483	495
2306	1254416485	100
2307	1254416487	1280
2308	1254416488	100
2309	1254416489	1195
2316	1254416490	8000
2327	1254416490	1000
2328	1254416491	900
2336	1254416493	395
2337	1254416494	394
2338	1254416495	1575
2339	1254416496	175
2340	1254416497	940
2341	1254416499	175
2342	1254416500	175
2343	1254416501	175
2348	1254416502	300
2349	1254416503	300
2350	1254416505	300
2351	1254416506	340
2352	1254416508	800
2353	1254416509	380
2354	1254416510	400
2355	1254416511	175
2356	1254416513	170
2357	1254416514	500
2361	1254416515	601
2362	1254416516	5000
2363	1254416517	995
2364	1254416519	1111
2365	1254416520	141000
2366	1254416521	30000
2367	1254416522	450
2368	1254416523	995
2369	1254416524	200
2370	1254416529	400
2371	1254416530	5500
2372	1254416531	160000
2373	1254416532	30000
2374	1254416533	425
2375	1254416534	31000
2376	1254416536	34450
2377	1254416537	27775
2378	1254416538	5000
2379	1254416539	11700
2380	1254416540	27750000
2381	1254416542	2300
2385	1254416543	400
2386	1254416544	300
2387	1254416545	300
2388	1254416547	700
2389	1254416548	386
2390	1254416549	1000
2391	1254416550	2100
2392	1254416551	440000
2393	1254416553	900
2394	1254416553	1500
2395	1254416555	25000
2396	1254416556	170
2397	1254416558	260
2398	1254416559	700
2399	1254416560	720
2400	1254416562	300
2401	1254416563	700
2402	1254416564	170
2419	1254416565	16000
2420	1254416566	20000
2421	1254416567	4500
2422	1254416568	23000
2423	1254416570	7400
2424	1254416571	20398
2425	1254416572	174
2426	1254416573	1700
2427	1254416574	20000
2428	1254416575	2500
2429	1254416576	1200
2430	1254416577	1175
2431	1254416579	495
2432	1254416581	900
2433	1254416582	9775
2434	1254416583	5669
2435	1254416584	19400
2436	1254416586	6250
2437	1254416587	3000
2438	1254416589	7850
2439	1254416590	1699
2444	1254416591	730
2445	1254416593	540000
2446	1254416594	700
2447	1254416596	5000000
2448	1254416597	49888
2449	1254416598	14000
2450	1254416600	400
2451	1254416601	798
2452	1254416602	550
2455	1254416604	500
2456	1254416605	250
2457	1254416607	200
2458	1254416608	100
2459	1254416609	900
2460	1254416610	1400
2467	1254416611	9495
2474	1254416613	100
2475	1254416614	1000
2476	1254416615	200
2477	1254416616	1400
2478	1254416617	1150
2479	1254416618	110
2480	1254416620	461
2481	1254416621	400
2482	1254416622	500
2483	1254416623	290
2484	1254416625	190
2485	1254416626	995
2486	1254416627	398
2487	1254416628	635
2488	1254416629	240
2489	1254416630	1499
2490	1254416631	900
2491	1254416631	100
2492	1254416633	250
2493	1254416634	100
2494	1254416635	4000
2495	1254416636	4000
2496	1254416638	4000
2502	1254416639	7333
2503	1254416640	1050
2504	1254416641	950
2505	1254416641	1160
2506	1254416642	100
2507	1254416643	100
2508	1254416644	150
2509	1254416645	150
2510	1254416646	1545
2511	1254416647	2100
2512	1254416648	2200
2519	1254416649	1200
2520	1254416650	320
2521	1254416651	240
2522	1254416652	420
2523	1254416654	700
2524	1254416655	110
2525	1254416656	1194
2526	1254416657	1250
2527	1254416658	4040
2528	1254416660	175
2529	1254416661	1100
2530	1254416662	1450
2531	1254416663	4040
2532	1254416664	600
2533	1254416666	950
2534	1254416667	1100
2535	1254416668	4200
2536	1254416670	174
2537	1254416671	250
2538	1254416673	150
2539	1254416674	949
2540	1254416675	1320
2541	1254416676	6800000
2542	1254416677	200
2543	1254416678	200
2544	1254416680	950
2545	1254416681	240
2546	1254416682	2748
2562	1254416683	698
2563	1254416684	640
2565	1254416686	3499
2569	1254416687	170
2570	1254416688	290
2571	1254416689	400
2572	1254416690	400
2573	1254416691	500
2574	1254416693	400
2575	1254416694	220
2576	1254416695	230
2577	1254416696	400
2579	1254416697	800
2580	1254416698	250
2581	1254416699	490
2582	1254416700	2300
2583	1254416702	132
2584	1254416703	699
2585	1254416704	270
2586	1254416706	270
2587	1254416707	270
2588	1254416708	641
2589	1254416709	130
2590	1254416710	7490
2591	1254416712	6000
2592	1254416712	25800
2593	1254416713	7000
2594	1254416715	10000
2595	1254416715	24
2596	1254416716	300
2597	1254416718	550
2598	1254416719	300
2600	1254416721	190
2604	1254416722	400
2605	1254416723	100
2606	1254416724	170
2607	1254416725	300
2608	1254416726	280
2609	1254416727	700
2610	1254416728	600
2611	1254416730	900
2612	1254416731	700
2613	1254416732	150
2614	1254416733	2650
2615	1254416734	180
2616	1254416735	149
2617	1254416737	400
2618	1254416738	350
2619	1254416739	999
2620	1254416741	180
2621	1254416742	4490
2622	1254416743	2500
2623	1254416744	200
2624	1254416745	1180
2625	1254416746	300
2626	1254416747	1895
2627	1254416749	720
2628	1254416750	900
2629	1254416751	320
2631	1254416752	150
2632	1254416754	230
2633	1254416755	195
2634	1254416756	100
2635	1254416757	275
2636	1254416758	700
2637	1254416759	749
2638	1254416760	1089
2639	1254416760	80
2640	1254416762	380
2641	1254416763	2300
2642	1254416764	410
2643	1254416765	700
2644	1254416767	110
2645	1254416768	110
2646	1254416769	110
2647	1254416770	150
2648	1254416772	165
2650	1254416773	20000000
2651	1254416774	8900
2652	1254416775	6750
2653	1254416776	950
2654	1254416777	1770
2655	1254416779	500
2657	1254416780	2500
2658	1254416781	985
2659	1254416782	13000
2660	1254416783	5500
2661	1254416784	5475
2662	1254416785	6700
2663	1254416787	13467
2664	1254416788	1200
2665	1254416789	100
2666	1254416790	200
2667	1254416791	2689
2668	1254416793	130
2669	1254416794	998
2670	1254416795	100
2671	1254416796	1295
2672	1254416797	1100
2673	1254416798	500
2674	1254416799	100
2675	1254416801	500
2676	1254416802	500
2677	1254416803	500
2679	1254416803	300
2680	1254416804	300
2681	1254416804	300
2684	1254416805	150
2685	1254416806	2000
2686	1254416807	2000
2687	1254416808	400
2688	1254416810	100
2689	1254416811	1800
2690	1254416812	1500
2691	1254416813	849
2692	1254416814	1700
2693	1254416816	5599
2694	1254416817	700
2695	1254416820	995
2696	1254416821	300
2704	1254416823	800
2705	1254416824	2500
2706	1254416825	1295
2707	1254416826	755
2708	1254416827	450
2710	1254416829	800
2711	1254416829	300
2712	1254416829	300
2713	1254416829	300
2714	1254416830	200
2715	1254416831	800
2716	1254416832	1400
2717	1254416834	675
2724	1254416835	300
2725	1254416836	300
2726	1254416837	300
2727	1254416837	300
2728	1254416837	300
2729	1254416837	300
2730	1254416839	460
2731	1254416840	460
2732	1254416841	460
2733	1254416842	197
2734	1254416843	200
2739	1254416844	387
2741	1254416845	1520
2745	1254416847	5100
2746	1254416848	6600
2747	1254416849	103000
2748	1254416850	499
2766	1254416851	10000
2767	1254416852	450
2768	1254416853	449
2769	1254416854	449
2770	1254416855	480
2771	1254416856	333
2772	1254416858	5700
2773	1254416859	61000
2774	1254416863	5000
2775	1254416865	5000
2776	1254416866	6475
2777	1254416867	13300
2778	1254416869	9600
2779	1254416870	18000
2780	1254416871	2400
2781	1254416873	12000
2782	1254416875	7900
2783	1254416876	10800
2784	1254416877	19700
2785	1254416878	13999
2786	1254416880	10999
2787	1254416881	11999
2788	1254416882	12400
2789	1254416883	74000
2790	1254416885	70000
2791	1254416886	76990
2792	1254416888	10950
2793	1254416889	8500
2794	1254416890	11000
2795	1254416891	8900
2796	1254416892	7400
2797	1254416894	9990
2798	1254416895	11900
2799	1254416896	11400
2800	1254416898	10200
2801	1254416899	500
2802	1254416901	1000
2803	1254416902	5099
2804	1254416903	19000
2805	1254416904	8550
2806	1254416905	14800
2807	1254416906	15500
2808	1254416907	6775
2809	1254416908	9995
2810	1254416909	17475
2811	1254416910	12600
2812	1254416911	16700
2819	1254416912	999999998
2820	1254416912	248750000
2821	1254416913	999999998
2822	1254416913	90000000
2823	1254416914	999999000
2824	1254416914	999999998
2825	1254416915	999999998
2829	1254416916	10000
2830	1254416917	5300
2831	1254416918	3400
2832	1254416919	4900
2833	1254416920	3300
2834	1254416921	19700000
2836	1254416922	7500000
2837	1254416923	19095
2840	1254416924	100
2841	1254416925	549
2842	1254416926	240
2843	1254416927	100
2844	1254416929	39650000
2845	1254416930	16750000
2846	1254416931	29800
2847	1254416932	29000000
2848	1254416933	2300
2868	1254416934	500
2869	1254416934	300
2870	1254416936	500
2871	1254416937	400
2872	1254416938	50000000
2873	1254416939	2000000
2874	1254416940	1500000
2875	1254416941	1500000
2876	1254416942	1750000
2877	1254416943	450
2878	1254416944	570
2879	1254416945	350
2880	1254416947	1100
2881	1254416948	1400
2882	1254416949	1090
2883	1254416950	1078
2884	1254416953	1900
2885	1254416954	348
2886	1254416955	219
2887	1254416956	209
2888	1254416957	1700
2889	1254416959	319
2890	1254416960	1100
2891	1254416961	214
2892	1254416962	1200
2893	1254416963	233
2894	1254416964	209
2895	1254416966	237
2896	1254416967	219
2897	1254416968	1085
2898	1254416969	1194
2899	1254416970	270
2900	1254416971	210
2901	1254416972	500
2902	1254416973	470
2903	1254416974	888
2904	1254416975	208
2905	1254416977	210
2906	1254416978	1075
2907	1254416979	214
2908	1254416980	208
2909	1254416981	206
2910	1254416983	208
2911	1254416984	229
2912	1254416985	249
2913	1254416986	285
2914	1254416987	207
2915	1254416989	210
2916	1254416990	247
2917	1254416991	350
2918	1254416993	249
2919	1254416993	700
2920	1254416995	219
2921	1254416995	249
2922	1254416998	4050
2923	1254416998	399
2924	1254417000	1100
2925	1254417000	1075
2926	1254417002	274
2927	1254417003	1202
2928	1254417005	210
2929	1254417006	250
2930	1254417007	1100
2931	1254417008	400
2932	1254417009	245
2933	1254417010	224
2934	1254417011	210
2935	1254417012	4050
2936	1254417013	7500
2937	1254417014	11500000
2938	1254417015	8050
2939	1254417017	10000000
2940	1254417018	1999
2941	1254417019	100
2942	1254417020	4250
2943	1254417021	730
2945	1254417021	300
2946	1254417023	30000000
2947	1254417023	500
2948	1254417024	1500
2949	1254417025	1300
2953	1254417026	1600
2954	1254417027	280
2955	1254417029	18000
2956	1254417030	100
2957	1254417031	120
2958	1254417032	40000
2959	1254417033	2999
2960	1254417034	20000
2961	1254417035	35000
2962	1254417036	200000
2966	1254417038	110
2967	1254417039	100
2968	1254417040	399
2969	1254417042	150
2970	1254417043	750
2971	1254417044	260
2972	1254417045	900
2973	1254417046	3200
2974	1254417047	180
2975	1254417050	1750
2976	1254417051	130
2977	1254417053	310
2978	1254417054	900
2979	1254417055	150
2980	1254417056	220
2981	1254417057	3390
2982	1254417058	220
2983	1254417061	4999
2984	1254417062	220
2985	1254417062	3489
2986	1254417063	220
2987	1254417065	1699
2993	1254417066	165
2994	1254417067	140
2995	1254417068	310
2996	1254417069	310
2997	1254417071	650
2998	1254417072	310
3001	1254417073	1000
3002	1254417075	220
3003	1254417076	260
3004	1254417077	250
3009	1254417079	990000000
3011	1254417080	11000
3012	1254417082	7000
3013	1254417083	14000
3014	1254417084	11200
3015	1254417085	22999
3016	1254417086	2225
3017	1254417087	5800
3018	1254417089	14500
3019	1254417090	110
3020	1254417092	110
3025	1254417094	11600
3026	1254417095	11800
3027	1254417096	11900
3028	1254417097	11900
3029	1254417098	120000
3030	1254417100	49950
3031	1254417101	53950
3032	1254417103	67400
3034	1254417104	33000
3035	1254417105	100
3036	1254417106	2000
3037	1254417107	101
3038	1254417108	270
3039	1254417109	1000
3040	1254417111	500
3041	1254417112	800
3042	1254417113	7000000
3043	1254417114	39000
3044	1254417114	39000
3045	1254417116	1549
3046	1254417117	1299
3047	1254417118	2499
3048	1254417119	1000
3049	1254417121	8950
3056	1254417124	40000
3057	1254417125	1000
3058	1254417126	560
3059	1254417128	590
3060	1254417129	329
3061	1254417131	500
3062	1254417132	18499
3063	1254417134	5400
3064	1254417135	1350
3065	1254417136	1200
3066	1254417137	44500
3067	1254417138	70000
3068	1254417140	35000
3079	1254417141	70000
3080	1254417142	7995
3081	1254417143	2390
3082	1254417144	420
3083	1254417145	175
3084	1254417146	5000
3085	1254417148	24000
3086	1254417149	240
3087	1254417150	1000
3091	1254417151	17000
3092	1254417152	150000
3093	1254417153	82555
3094	1254417154	127000
3095	1254417155	3699
3096	1254417156	1700
3097	1254417160	700
3098	1254417161	410
3099	1254417162	735
3100	1254417163	1000
3101	1254417164	7140
3102	1254417165	584
3103	1254417166	3099
3104	1254417167	2400
3105	1254417168	10200
3106	1254417169	7888
3108	1254417170	600
3109	1254417171	7000
3110	1254417172	10390
3111	1254417173	8888
3112	1254417174	6666
3113	1254417176	24900
3114	1254417177	59900
3117	1254417178	10000000
3118	1254417179	300
3119	1254417181	285
3120	1254417182	400
3121	1254417183	3400
3122	1254417184	200
3123	1254417187	115
3124	1254417189	120
3125	1254417190	595
3127	1254417191	50000
3128	1254417191	100
3129	1254417193	350
3130	1254417194	28000
3131	1254417195	88488
3132	1254417196	1400
3133	1254417197	2399
3134	1254417199	1050
3135	1254417200	1295
3136	1254417201	1700
3137	1254417202	739
3141	1254417204	250
3142	1254417205	900
3146	1254417206	5490
3147	1254417207	194
3148	1254417208	258
3149	1254417210	7500
3150	1254417211	4499
3151	1254417212	4000
3152	1254417213	432
3153	1254417214	176
3154	1254417216	4300
3155	1254417217	4990
3156	1254417218	29000
3192	1254417219	9000000
3193	1254417220	100000000
3194	1254417220	999999998
3195	1254417220	999999998
3196	1254417221	12000000
3197	1254417221	15000000
3199	1254417223	1550
3200	1254417224	1300
3203	1254417225	346
3216	1254417226	4000000
3219	1254417228	7198000
3221	1254417229	199
3222	1254417230	1830
3223	1254417231	110
3224	1254417233	590
3225	1254417234	148
3226	1254417236	2000
3227	1254417237	7840
3228	1254417238	10245
3229	1254417239	200
3230	1254417240	550
3233	1254417241	300
3234	1254417241	300
3235	1254417241	300
3236	1254417242	12000
3237	1254417243	790
3238	1254417244	7895
3239	1254417246	800
3240	1254417247	7200
3241	1254417248	475
3242	1254417250	1189
3243	1254417251	783
3244	1254417252	2140
3245	1254417253	1200
3249	1254417255	19000
3263	1254417257	4500000
3268	1254417258	395000
3269	1254417259	90000
3270	1254417260	120000
3283	1254417262	6990
3284	1254417263	3300
3285	1254417264	389
3290	1254417265	2000
3316	1254417267	68000
3317	1254417268	599
3318	1254417269	700
3319	1254417270	700
3320	1254417272	740
3321	1254417272	3970000
3323	1254417273	22000
3324	1254417274	17000
3325	1254417276	55000
3326	1254417277	8000
3327	1254417278	43000
3336	1254417279	2000000
3337	1254417280	1275000
3338	1254417281	59000
3343	1254417282	15000
3344	1254417283	500
3345	1254417285	749
3346	1254417286	190
3347	1254417288	1075
3348	1254417289	400
3350	1254417290	600000
3351	1254417291	9999998
3352	1254417291	39750
3353	1254417293	4199
3355	1254417294	4200
3356	1254417295	100
3357	1254417296	100
3358	1254417297	120
3359	1254417298	300
3360	1254417300	100
3361	1254417301	555
3362	1254417302	800
3363	1254417304	2345
3364	1254417305	8700
3365	1254417306	29990
3366	1254417307	15950
3367	1254417307	450
3368	1254417308	6600
3369	1254417309	8300
3370	1254417310	9994
3371	1254417311	8150
3372	1254417312	14500
3373	1254417313	19000
3375	1254417314	500000
3376	1254417315	44985
3377	1254417316	45000
3378	1254417317	250000
3379	1254417319	3955
3398	1254417321	63885
3399	1254417322	32750
3400	1254417323	6500
3401	1254417325	6000
3402	1254417326	3500
3403	1254417327	27000
3412	1254417328	300000
3413	1254417328	260000
3414	1254417329	102000
3415	1254417330	75000
3416	1254417332	390000
3421	1254417333	6750000
3422	1254417334	400
3423	1254417335	500
3424	1254417337	250
3425	1254417338	450
3426	1254417339	225
3427	1254417340	499
3428	1254417341	750
3431	1254417343	3950000
3432	1254417343	18000
3433	1254417344	350000
3434	1254417345	5000000
3435	1254417346	1600
3439	1254417347	3700000
3440	1254417349	5444
3441	1254417350	7485
3442	1254417351	8400
3445	1254417352	4880000
3446	1254417353	8750
3447	1254417354	8450
3448	1254417356	4590
3449	1254417358	377
3450	1254417358	3499
3451	1254417360	677
3452	1254417361	377
3453	1254417362	1925
3454	1254417365	177
3455	1254417366	515
3462	1254417367	100
3463	1254417368	1944
3464	1254417369	300
3465	1254417371	880
3466	1254417372	6500000
3467	1254417373	180
3468	1254417374	12500
3474	1254417375	400
3475	1254417377	850
3476	1254417378	800
3477	1254417379	1200
3478	1254417380	1000
3479	1254417381	798
3480	1254417383	89000
3481	1254417384	20000000
3482	1254417385	15000000
3483	1254417386	7750
3484	1254417387	18000
3485	1254417387	24
3486	1254417389	800
3487	1254417391	9700
3488	1254417392	91999
3489	1254417393	8900
3490	1254417395	8900
3491	1254417396	8900
3492	1254417397	29998
3493	1254417399	3799
3494	1254417400	13999
3495	1254417401	3400
3496	1254417402	795
3497	1254417403	4100
3498	1254417404	28000
3499	1254417405	70000
3500	1254417406	23000
3501	1254417407	22400
3502	1254417408	69500
3503	1254417409	16499
3507	1254417410	10000000
3509	1254417411	1985
3510	1254417413	100
3511	1254417414	935
3512	1254417415	100
3513	1254417417	100
3514	1254417418	100
3515	1254417419	6499
3516	1254417420	7900
3517	1254417421	20000
3518	1254417423	20000
3519	1254417424	11700
3520	1254417425	300
3521	1254417427	8650
3522	1254417428	63000
3523	1254417429	8900
3524	1254417430	1000
3525	1254417432	15000
3527	1254417433	40000000
3528	1254417434	40000000
3529	1254417436	33500000
3530	1254417437	40000000
3531	1254417438	1000
3532	1254417439	12500
3533	1254417440	13000
3534	1254417441	300
3535	1254417442	33000000
3536	1254417442	89000000
3537	1254417443	37000000
3538	1254417444	9500000
3539	1254417445	8100000
3540	1254417445	25000000
3541	1254417447	18500000
3542	1254417448	210000
3543	1254417449	204650
3544	1254417450	450000
3545	1254417451	300000
3546	1254417452	210000
3547	1254417454	165000
3548	1254417455	249000
3551	1254417456	4350
3552	1254417457	3795
3553	1254417459	1000
3554	1254417460	3750
3555	1254417461	6390
3556	1254417462	6549
3557	1254417463	6400
3558	1254417464	13000
3559	1254417465	25000
3560	1254417466	14500
3561	1254417467	80000
3562	1254417467	44900
3563	1254417469	65000
3564	1254417470	23500
3565	1254417471	25000
3566	1254417472	24000
3567	1254417473	10000
3568	1254417474	17500
3569	1254417476	18000
3570	1254417477	14999
3571	1254417478	3995
3572	1254417479	77777
3573	1254417481	4000
3574	1254417482	5290
3575	1254417483	1249
3576	1254417484	75000
3577	1254417486	86000
3578	1254417487	3825000
3579	1254417487	725000
3582	1254417489	8998
3584	1254417490	1300
3585	1254417491	1750
3586	1254417492	999
3588	1254417493	180
3589	1254417494	125
3590	1254417495	244
3591	1254417496	4500
3592	1254417497	3400
3593	1254417498	3883
3594	1254417499	425
3595	1254417500	5350
3596	1254417502	3380
3597	1254417503	100
3598	1254417504	220000
3599	1254417505	3839
3600	1254417507	29490
3601	1254417509	21000
3602	1254417509	23000
3603	1254417510	36000
3604	1254417511	2600
3606	1254417512	81500
3608	1254417514	528
3610	1254417515	3200
3611	1254417516	7499
3612	1254417517	100000
3613	1254417519	6975
3614	1254417520	11500
3615	1254417521	1840
3616	1254417522	24500
3617	1254417523	1000
3619	1254417525	40500
3620	1254417526	87000
3621	1254417527	35000
3622	1254417528	35000
3623	1254417529	3245
3624	1254417531	21000
3625	1254417532	90000
3626	1254417533	23000
3627	1254417534	62000
3628	1254417536	85000
3630	1254417537	5400
3631	1254417538	9500
3632	1254417539	1150
3633	1254417540	269
3634	1254417542	1200
3635	1254417543	900
3636	1254417544	400
3637	1254417545	900
3638	1254417547	750
3639	1254417548	5000
3640	1254417549	7999
3641	1254417550	3900
3642	1254417552	10201
3643	1254417553	9700
3644	1254417554	95000
3645	1254417556	2900
3646	1254417557	2000
3647	1254417558	270000
3648	1254417559	180000
3650	1254417560	1999
3651	1254417561	685000
3652	1254417563	2000
3653	1254417564	2549
3654	1254417565	199999
3655	1254417567	1600
3656	1254417568	5499
3657	1254417569	5499
3658	1254417570	8500
3659	1254417571	13000
3660	1254417572	24999
3661	1254417574	10000000
3662	1254417574	40000000
3663	1254417574	999999998
3664	1254417575	88888888
3665	1254417576	10000000
3666	1254417576	999999998
3668	1254417578	310000
3669	1254417579	100000
3670	1254417580	230000
3671	1254417581	340000
3672	1254417582	150000
3673	1254417583	80000
3674	1254417584	217500
3675	1254417585	20890
3676	1254417586	290
3677	1254417587	16800
3678	1254417588	570
3679	1254417589	3595
3680	1254417591	12450
3681	1254417592	11000
3682	1254417593	28500
3684	1254417594	20000
3685	1254417595	24000
3686	1254417596	17749
3687	1254417597	140
3688	1254417598	120
3689	1254417599	15000
3690	1254417600	15000
3691	1254417601	690
3692	1254417603	150
3693	1254417603	60000
3694	1254417604	27500
3695	1254417605	4495
3696	1254417606	3000
3697	1254417607	700
3698	1254417609	380
3699	1254417610	1400
3700	1254417611	4000
3702	1254417612	49500
3703	1254417612	20000
3704	1254417613	17999
3705	1254417613	19400
3706	1254417615	19050
3707	1254417616	18900
3708	1254417617	19050
3709	1254417618	7300
3710	1254417620	12000
3711	1254417621	18000
3712	1254417621	18780
3713	1254417622	39000
3714	1254417623	15699
3715	1254417623	28000
3716	1254417625	19000
3717	1254417626	36663
3718	1254417626	31998
3719	1254417626	33999
3720	1254417628	12000
3721	1254417628	26000
3722	1254417629	40000
3723	1254417629	8800
3724	1254417630	22700
3725	1254417631	20000
3726	1254417633	6800
3727	1254417634	200
3728	1254417637	600
3729	1254417638	2200
3730	1254417639	197
3731	1254417640	3000
3732	1254417641	137
3733	1254417643	2400
3734	1254417644	5858
3735	1254417645	1400
3736	1254417647	1700
3737	1254417647	160000
3738	1254417649	1890
3739	1254417650	500
3740	1254417650	1000000
3741	1254417651	80000
3742	1254417652	974
3743	1254417653	150
3744	1254417655	17500
3745	1254417656	80500
3746	1254417657	3000
3747	1254417658	4880
3749	1254417659	900
3750	1254417660	3998
3751	1254417661	1000
3753	1254417663	6000000
3754	1254417664	190
3755	1254417665	190
3756	1254417666	1100
3757	1254417668	400
3758	1254417669	500
3759	1254417670	200
3760	1254417671	775
3761	1254417672	4500
3762	1254417673	3700
3763	1254417674	490
3764	1254417675	300
3765	1254417681	490
3766	1254417682	32000
3767	1254417683	30000
3768	1254417684	987654321
3769	1254417685	17070
3770	1254417686	18950
3771	1254417687	17471
3772	1254417688	560
3773	1254417690	5600
3775	1254417691	20000
3776	1254417691	74900
3777	1254417693	3650
3778	1254417694	19000
3779	1254417695	1850
3780	1254417696	22950
3781	1254417697	18580
3782	1254417698	3450
3783	1254417699	69000
3799	1254417700	14583000
3800	1254417701	14000
3801	1254417702	12500
3802	1254417704	14200
3803	1254417705	6000
3804	1254417706	14600
3805	1254417707	18000
3806	1254417708	9990
3807	1254417709	4900
3809	1254417710	725
3813	1254417711	4475
3815	1254417713	106999
3816	1254417714	2998
3817	1254417715	9099
3818	1254417716	10900
3819	1254417717	4500
3821	1254417718	1500
3822	1254417720	1700
3827	1254417721	150000
3829	1254417721	35553
3831	1254417723	2900
3832	1254417724	3400
3833	1254417725	6500
3834	1254417726	2300
3835	1254417728	3000001
3836	1254417729	4550000
3842	1254417730	114
3843	1254417732	100
3844	1254417733	184
3845	1254417734	100
3846	1254417736	700
3847	1254417737	595
3848	1254417738	150
3849	1254417740	336
3850	1254417741	100
3851	1254417742	1000
3852	1254417744	100
3853	1254417745	395
3854	1254417747	6660
3855	1254417748	3500
3856	1254417749	290
3857	1254417750	2750
3858	1254417752	250
3859	1254417753	120
3860	1254417754	1900
3861	1254417755	280
3862	1254417756	997
3863	1254417757	148
3864	1254417758	164
3865	1254417759	246
3866	1254417761	179
3867	1254417762	340
3868	1254417764	130
3869	1254417765	140
3870	1254417766	198
3871	1254417767	198
3872	1254417768	110
3873	1254417769	240
3914	1254417771	895
3915	1254417771	987654321
3916	1254417772	2700
3917	1254417773	1000
3918	1254417774	2800
3919	1254417775	880
3920	1254417776	750
3921	1254417777	2000
3922	1254417778	8000
3923	1254417780	2500
3924	1254417781	12499
3925	1254417782	11000
3926	1254417783	12949
3928	1254417784	43500
3929	1254417787	18999
3943	1254417787	10700
3944	1254417789	84000
3946	1254417790	11500000
3963	1254417791	21475000
3964	1254417792	23999
3965	1254417794	8025
3970	1254417795	31000
3972	1254417797	30000
3974	1254417799	60000
3975	1254417800	1050
3976	1254417801	2499
3977	1254417802	4100
3978	1254417804	14444
3979	1254417805	10995
3980	1254417806	4900
3981	1254417807	1895
3982	1254417808	4999
3983	1254417809	4000
3984	1254417810	5000
3985	1254417811	5400
3986	1254417812	3500
3987	1254417813	5000
3988	1254417815	17000
3989	1254417816	5000
3990	1254417817	18000
3994	1254417818	8000
3995	1254417819	44000
3998	1254417820	19999
3999	1254417822	6995999
4000	1254417823	15000
4001	1254417824	4100
4002	1254417825	7800
4003	1254417826	17000
4004	1254417828	4900
4019	1254417828	38000
4020	1254417830	6900
4037	1254417831	400
4038	1254417832	400
4039	1254417834	10899
4051	1254417835	10500
4052	1254417836	800
4053	1254417837	15000
4054	1254417839	500
4055	1254417840	148
4056	1254417841	172
4057	1254417842	246
4058	1254417844	108
4059	1254417845	186
4083	1254417846	1950
4084	1254417847	214
4085	1254417849	4000
4086	1254417850	995
4087	1254417851	700
4088	1254417852	2000
4089	1254417853	400
4090	1254417855	200
4091	1254417856	3400
4092	1254417857	12000
4093	1254417858	32000
4094	1254417859	4500
4095	1254417860	2900
4096	1254417861	2250
4097	1254417862	3400
4098	1254417864	7000
4099	1254417865	16500
4100	1254417866	34500
4101	1254417867	50000
4102	1254417868	99999
4103	1254417869	160000
4104	1254417870	399000
4105	1254417872	490000
4106	1254417873	100000
4107	1254417874	195000
4122	1254417875	2000
4123	1254417876	1000
4124	1254417878	1000
4125	1254417879	2400
4126	1254417880	1200
4132	1254417882	1200
4136	1254417883	6500000
4137	1254417884	8800
4146	1254417885	7000
4147	1254417886	9400
4148	1254417887	8800000
4149	1254417889	17500
4150	1254417890	1375
4151	1254417891	1400
4152	1254417891	1000000
4153	1254417893	16400
4154	1254417894	19000
4155	1254417895	23500
4156	1254417896	35990
4157	1254417897	199900
4158	1254417898	1000000
4159	1254417899	1090000
4160	1254417901	40000
4161	1254417903	120000
4162	1254417904	13000
4163	1254417905	3900
4164	1254417906	1150
4166	1254417906	159999999
4168	1254417907	90000000
4169	1254417908	6475
4171	1254417910	544000
4172	1254417912	1600000
4173	1254417913	1299500
4174	1254417914	1200000
4176	1254417915	1300
4177	1254417916	7400000
4189	1254417918	1599800
4192	1254417919	200
4223	1254417920	8500000
4224	1254417920	20000
